1200	0.010478572
1199.5	0.009049733
1199	0.009239746
1198.5	0.009165507
1198	0.009305663
1197.5	0.010237392
1197	0.01006791
1196.5	0.010302861
1196	0.008959068
1195.5	0.00909289
1195	0.008561848
1194.5	0.009333385
1194	0.010392068
1193.5	0.009362712
1193	0.008390811
1192.5	0.008637009
1192	0.009063848
1191.5	0.009142369
1191	0.00860511
1190.5	0.008383986
1190	0.00828541
1189.5	0.008542318
1189	0.008534404
1188.5	0.009332643
1188	0.008239473
1187.5	0.009311453
1187	0.009517347
1186.5	0.008620176
1186	0.008443467
1185.5	0.007799607
1185	0.008620998
1184.5	0.008970391
1184	0.008822952
1183.5	0.009660006
1183	0.010268256
1182.5	0.011304808
1182	0.009874064
1181.5	0.010097168
1181	0.010640181
1180.5	0.010182977
1180	0.01149996
1179.5	0.009811758
1179	0.010670878
1178.5	0.011128608
1178	0.011113966
1177.5	0.011851603
1177	0.009572821
1176.5	0.011286294
1176	0.009206116
1175.5	0.009680192
1175	0.008384785
1174.5	0.009221196
1174	0.009215129
1173.5	0.01020823
1173	0.010852442
1172.5	0.00864373
1172	0.009442897
1171.5	0.008150356
1171	0.008161135
1170.5	0.009881834
1170	0.009698009
1169.5	0.009003969
1169	0.009933426
1168.5	0.009251893
1168	0.008964484
1167.5	0.010412199
1167	0.00936045
1166.5	0.009194286
1166	0.012006286
1165.5	0.011245308
1165	0.011202096
1164.5	0.011769907
1164	0.013226925
1163.5	0.011620142
1163	0.012969797
1162.5	0.012857552
1162	0.013144875
1161.5	0.013136732
1161	0.012138989
1160.5	0.012779492
1160	0.012039858
1159.5	0.012639866
1159	0.010419709
1158.5	0.010752978
1158	0.00983429
1157.5	0.010906205
1157	0.009310699
1156.5	0.007930257
1156	0.009034635
1155.5	0.007184442
1155	0.006501621
1154.5	0.007785507
1154	0.006742202
1153.5	0.00669738
1153	0.005528525
1152.5	0.005650193
1152	0.006289642
1151.5	0.006026619
1151	0.006677581
1150.5	0.0049279
1150	0.00731915
1149.5	0.006029654
1149	0.005197539
1148.5	0.006784689
1148	0.005274307
1147.5	0.006467714
1147	0.007087912
1146.5	0.007068584
1146	0.008936128
1145.5	0.007605492
1145	0.009770517
1144.5	0.009211126
1144	0.008831287
1143.5	0.009975282
1143	0.010113643
1142.5	0.010826009
1142	0.010674053
1141.5	0.009603113
1141	0.010972907
1140.5	0.010433118
1140	0.009431507
1139.5	0.009062356
1139	0.00938076
1138.5	0.00739305
1138	0.007493143
1137.5	0.007766364
1137	0.006499014
1136.5	0.005796502
1136	0.00609921
1135.5	0.006430943
1135	0.006768967
1134.5	0.006418041
1134	0.005240204
1133.5	0.005092035
1133	0.004969657
1132.5	0.005930941
1132	0.006592863
1131.5	0.005182159
1131	0.005557828
1130.5	0.005816157
1130	0.005286703
1129.5	0.004564458
1129	0.005993
1128.5	0.006262443
1128	0.005940043
1127.5	0.006714762
1127	0.006621572
1126.5	0.007064238
1126	0.006869747
1125.5	0.008519771
1125	0.0092552
1124.5	0.009014959
1124	0.009830014
1123.5	0.011064465
1123	0.009881157
1122.5	0.010933737
1122	0.010592939
1121.5	0.010140184
1121	0.00952563
1120.5	0.009467076
1120	0.008909728
1119.5	0.008221172
1119	0.008455662
1118.5	0.00820805
1118	0.006890149
1117.5	0.006312806
1117	0.007067025
1116.5	0.006389762
1116	0.005908632
1115.5	0.006227963
1115	0.005376465
1114.5	0.007574983
1114	0.006938752
1113.5	0.006632771
1113	0.007779394
1112.5	0.007603006
1112	0.007682039
1111.5	0.008953538
1111	0.008761829
1110.5	0.007985553
1110	0.008927131
1109.5	0.010881715
1109	0.011422667
1108.5	0.012287133
1108	0.013401687
1107.5	0.014308398
1107	0.014972966
1106.5	0.013626633
1106	0.013088461
1105.5	0.012761324
1105	0.010953606
1104.5	0.009242168
1104	0.008805154
1103.5	0.008031419
1103	0.006163225
1102.5	0.00595648
1102	0.006327973
1101.5	0.005719797
1101	0.005169884
1100.5	0.004237697
1100	0.003924626
1099.5	0.002817044
1099	0.003077897
1098.5	0.003351684
1098	0.003262038
1097.5	0.003103299
1097	0.002696603
1096.5	0.00204302
1096	0.003291811
1095.5	0.002933703
1095	0.002474064
1094.5	0.001855299
1094	0.001645381
1093.5	0.001608866
1093	0.002068849
1092.5	0.002432815
1092	0.00161806
1091.5	0.000738098
1091	0.002269733
1090.5	0.001275522
1090	0.000285182
1089.5	0.001337577
1089	0.000908587
1088.5	0.000441065
1088	0.001675302
1087.5	0.001020939
1087	0.000564045
1086.5	0.001748767
1086	0.000745619
1085.5	7.17877E-05
1085	-0.000167497
1084.5	0.000444123
1084	0.000987035
1083.5	0.001675007
1083	0.001647647
1082.5	0.001250627
1082	0.000379426
1081.5	0.002369068
1081	0.000414959
1080.5	0.001271944
1080	0.000794965
1079.5	0.001600055
1079	0.00064742
1078.5	0.000624756
1078	0.001477851
1077.5	0.000763133
1077	0.000955461
1076.5	0.001119776
1076	4.16432E-05
1075.5	0.001043265
1075	0.001226295
1074.5	0.000189029
1074	0.00033394
1073.5	0.00164704
1073	0.000376916
1072.5	-2.26306E-05
1072	0.001108856
1071.5	0.001250242
1071	0.001235895
1070.5	0.000850959
1070	0.001572007
1069.5	0.000748687
1069	0.001818989
1068.5	0.000854074
1068	0.002904366
1067.5	0.002329496
1067	0.000439089
1066.5	0.001314471
1066	0.002038045
1065.5	0.001764281
1065	0.001889383
1064.5	0.00063339
1064	0.001104661
1063.5	0.001564753
1063	0.000462582
1062.5	0.001026404
1062	0.001192666
1061.5	0.000356995
1061	0.000296062
1060.5	-6.66371E-05
1060	-0.000892057
1059.5	0.000829586
1059	0.001951401
1058.5	0.001587522
1058	0.000850882
1057.5	0.000746095
1057	0.000453896
1056.5	0.000854169
1056	0.000204185
1055.5	0.001917835
1055	0.001213356
1054.5	0.00110497
1054	0.000673023
1053.5	0.00036274
1053	0.000887898
1052.5	0.000614833
1052	0.001130677
1051.5	0.00127842
1051	0.001480231
1050.5	0.001043194
1050	0.00139455
1049.5	0.001487815
1049	0.001884172
1048.5	0.001543094
1048	0.001611558
1047.5	0.001021992
1047	0.002137819
1046.5	0.003477353
1046	0.002650465
1045.5	0.002871079
1045	0.002808623
1044.5	0.003908598
1044	0.003711919
1043.5	0.002390465
1043	0.00226604
1042.5	0.001440932
1042	0.00163124
1041.5	0.001023825
1041	0.000211795
1040.5	0.001290051
1040	0.001363301
1039.5	-7.57297E-05
1039	0.003299135
1038.5	0.001417215
1038	0.0009266
1037.5	0.001071976
1037	0.001062403
1036.5	0.001160731
1036	0.000789991
1035.5	0.002143947
1035	0.001553793
1034.5	0.001432826
1034	0.000209324
1033.5	0.000275546
1033	0.001367783
1032.5	0.001293287
1032	0.001395022
1031.5	0.00097359
1031	0.00072752
1030.5	0.002733796
1030	0.001596612
1029.5	0.002686711
1029	0.003628275
1028.5	0.002976039
1028	0.006089273
1027.5	0.007068739
1027	0.008638385
1026.5	0.010246335
1026	0.01172231
1025.5	0.013134572
1025	0.012490433
1024.5	0.013122267
1024	0.012447282
1023.5	0.011285799
1023	0.011848317
1022.5	0.00970913
1022	0.01024384
1021.5	0.00967236
1021	0.008680192
1020.5	0.007246753
1020	0.007367517
1019.5	0.007199402
1019	0.007084053
1018.5	0.005109505
1018	0.005654124
1017.5	0.005926304
1017	0.005714826
1016.5	0.005494277
1016	0.004011081
1015.5	0.003674143
1015	0.004955463
1014.5	0.004307871
1014	0.003080032
1013.5	0.004036059
1013	0.003963385
1012.5	0.001703528
1012	0.002325312
1011.5	0.001207989
1011	0.003110262
1010.5	0.002725276
1010	0.001435266
1009.5	0.002417136
1009	0.001998836
1008.5	0.002761951
1008	0.002219404
1007.5	0.001630463
1007	0.002570645
1006.5	0.003416235
1006	0.00164426
1005.5	0.003600361
1005	0.002963788
1004.5	0.003050838
1004	0.004720604
1003.5	0.004032795
1003	0.0045714
1002.5	0.003575317
1002	0.005344437
1001.5	0.005679014
1001	0.004621337
1000.5	0.004749224
1000	0.006007896
999.5	0.005718711
999	0.003895594
998.5	0.004377976
998	0.004940383
997.5	0.003565178
997	0.002910998
996.5	0.004177965
996	0.003410642
995.5	0.002280611
995	0.002536911
994.5	0.003236766
994	0.003509256
993.5	0.002992106
993	0.00333395
992.5	0.002910692
992	0.003464514
991.5	0.004765402
991	0.003940708
990.5	0.003351062
990	0.00456622
989.5	0.003330749
989	0.004339788
988.5	0.006045744
988	0.005328184
987.5	0.005806535
987	0.007463811
986.5	0.006103821
986	0.006465338
985.5	0.007788766
985	0.007759868
984.5	0.00691881
984	0.007861957
983.5	0.005804801
983	0.006447342
982.5	0.005795755
982	0.005703609
981.5	0.005381469
981	0.004999254
980.5	0.006612949
980	0.005213839
979.5	0.003451935
979	0.003865558
978.5	0.005220126
978	0.00413637
977.5	0.00530458
977	0.002288887
976.5	0.00372158
976	0.004798082
975.5	0.004500037
975	0.004291587
974.5	0.00404103
974	0.003133083
973.5	0.003375696
973	0.003376881
972.5	0.003479885
972	0.002646035
971.5	0.004700519
971	0.003723398
970.5	0.004883082
970	0.002300893
969.5	0.004866937
969	0.003624615
968.5	0.004401705
968	0.004522257
967.5	0.006071771
967	0.005320637
966.5	0.003952253
966	0.004192127
965.5	0.004625784
965	0.00516999
964.5	0.005409845
964	0.005449179
963.5	0.0063318
963	0.006778278
962.5	0.006102992
962	0.007674054
961.5	0.007839496
961	0.007206762
960.5	0.007478381
960	0.006288611
959.5	0.007201005
959	0.007269718
958.5	0.005638324
958	0.006065033
957.5	0.003828943
957	0.004315168
956.5	0.004569276
956	0.003428477
955.5	0.003716534
955	0.004476762
954.5	0.003241766
954	0.002697978
953.5	0.002148677
953	0.003057804
952.5	0.001654119
952	0.001983264
951.5	0.002106518
951	0.001386341
950.5	0.002359154
950	0.002927878
949.5	0.002517276
949	0.00302779
948.5	0.001901082
948	0.003156193
947.5	0.001282182
947	0.001453749
946.5	0.002123132
946	0.00100856
945.5	0.002255254
945	0.00142763
944.5	0.001103566
944	0.002084322
943.5	0.002865463
943	0.002786609
942.5	0.002045293
942	0.00242642
941.5	0.002483821
941	0.001472756
940.5	0.003199083
940	0.000943861
939.5	0.001637462
939	0.001406839
938.5	0.00166242
938	0.001796805
937.5	0.001022737
937	0.001694153
936.5	0.00157306
936	0.001850572
935.5	-0.000323628
935	0.001183872
934.5	0.000411292
934	0.000644812
933.5	0.000795498
933	-7.42886E-06
932.5	0.00056132
932	0.000931582
931.5	0.000441956
931	-0.000116394
930.5	0.001749982
930	-0.000139903
929.5	0.001711541
929	-0.000333526
928.5	-1.97717E-05
928	0.00022792
927.5	0.001579343
927	0.000564115
926.5	-8.07815E-05
926	0.000131612
925.5	0.000987011
925	-3.43748E-05
924.5	0.000182906
924	0.00052885
923.5	0.001106595
923	-7.19592E-05
922.5	0.001035944
922	-0.000185054
921.5	0.000589761
921	0.000347126
920.5	0.001715976
920	-2.07068E-05
919.5	0.001551141
919	0.000386609
918.5	-8.95003E-05
918	-0.001401837
917.5	0.000851603
917	-5.40101E-05
916.5	0.001093324
916	0.001641421
915.5	0.001005248
915	-2.05794E-05
914.5	0.000171918
914	0.000326132
913.5	0.001068926
913	3.59164E-05
912.5	-0.000107594
912	0.000699512
911.5	0.000554425
911	-7.74314E-05
910.5	0.001834552
910	-0.000385419
909.5	0.000523632
909	0.000737688
908.5	0.000576906
908	0.001549976
907.5	0.000520103
907	0.000601563
906.5	0.00060449
906	0.000348902
905.5	0.001126605
905	-0.000108675
904.5	0.000765194
904	0.001871369
903.5	0.000602408
903	-0.000109412
902.5	0.001487519
902	-0.000479775
901.5	0.000836171
901	-0.000243579
900.5	0.000291447
900	-0.000323931
899.5	0.001140058
899	0.000683288
898.5	0.000900951
898	7.91959E-05
897.5	0.001754378
897	0.001066135
896.5	0.000840119
896	0.000500874
895.5	0.001034278
895	-0.000134427
894.5	0.000581606
894	-0.001123014
893.5	0.000366297
893	0.000204178
892.5	0.001367846
892	0.000820759
891.5	0.001104885
891	0.00150524
890.5	0.000571833
890	-0.000717417
889.5	-0.000254864
889	0.001147764
888.5	-0.000170323
888	0.000851491
887.5	0.000746983
887	0.000629105
886.5	0.001012358
886	0.001257288
885.5	0.001563834
885	0.000827148
884.5	-0.000397459
884	0.000349875
883.5	0.000461583
883	0.000743089
882.5	0.000984003
882	-0.000184463
881.5	0.001394211
881	0.000203778
880.5	-0.000142827
880	0.00116322
879.5	-1.52383E-05
879	0.001246624
878.5	0.001393667
878	0.000936603
877.5	0.001387608
877	0.000499512
876.5	0.000312891
876	-0.000168456
875.5	0.000821009
875	0.002250217
874.5	0.001856859
874	0.001284982
873.5	0.001618094
873	0.001277915
872.5	0.001844619
872	0.000981979
871.5	0.002580712
871	0.001582169
870.5	0.000995651
870	0.001747405
869.5	0.002469777
869	0.001621004
868.5	0.000932452
868	0.002537402
867.5	0.001244863
867	0.001622713
866.5	0.000399374
866	0.002057522
865.5	0.00209784
865	0.002282205
864.5	0.002649006
864	0.000850702
863.5	0.001087463
863	0.001889199
862.5	0.002520321
862	0.00139442
861.5	0.002577021
861	0.004127029
860.5	0.002076975
860	0.002270359
859.5	0.003726535
859	0.002923121
858.5	0.003668481
858	0.002840711
857.5	0.001975992
857	0.001920656
856.5	0.002251463
856	0.001776249
855.5	0.002825206
855	0.001810487
854.5	0.00147324
854	0.001077137
853.5	0.001632812
853	0.00091146
852.5	0.001221905
852	0.001759043
851.5	0.001310294
851	0.001414143
850.5	-0.000127248
850	0.00201038
849.5	0.000141735
849	0.00147465
848.5	0.001249997
848	0.00179126
847.5	0.002598313
847	0.002936105
846.5	0.001246193
846	0.001383619
845.5	0.003124836
845	0.00153905
844.5	0.001407882
844	0.00189884
843.5	0.001028696
843	0.000431027
842.5	0.001486558
842	0.001494048
841.5	0.000499944
841	0.000847768
840.5	0.002459509
840	0.000821498
839.5	0.001192954
839	0.001395295
838.5	0.001629487
838	0.001428129
837.5	0.002123214
837	0.00226551
836.5	0.002027215
836	0.001445095
835.5	0.002271425
835	0.00031203
834.5	0.001401118
834	0.001237337
833.5	0.001504593
833	0.001065282
832.5	0.002158672
832	0.002051964
831.5	0.002347871
831	0.00326005
830.5	0.00215346
830	0.003016304
829.5	0.002685326
829	0.004019151
828.5	0.004471688
828	0.004910708
827.5	0.006636735
827	0.006412231
826.5	0.006133982
826	0.009174281
825.5	0.008013824
825	0.007411335
824.5	0.00953129
824	0.009060971
823.5	0.00768368
823	0.007750007
822.5	0.007541066
822	0.00573137
821.5	0.004509959
821	0.003661793
820.5	0.003234907
820	0.003196446
819.5	0.003021652
819	0.001578728
818.5	0.00158882
818	0.002082056
817.5	0.000505341
817	0.000541472
816.5	0.001076774
816	0.000760084
815.5	0.000322886
815	0.001037026
814.5	0.001515626
814	0.000658199
813.5	0.000343837
813	0.000658921
812.5	0.001459111
812	0.001836069
811.5	-0.000385858
811	0.000329978
810.5	0.001839776
810	0.000687953
809.5	0.000212844
809	0.000915692
808.5	0.000483954
808	0.000295635
807.5	0.000642183
807	0.001916997
806.5	2.64594E-05
806	4.77255E-05
805.5	0.00183307
805	0.000632661
804.5	0.000855204
804	0.00022436
803.5	0.000515491
803	0.000672542
802.5	-4.6527E-05
802	0.001691406
801.5	1.58699E-05
801	0.000427852
800.5	0.000499076
800	0.000484758
799.5	0.00019789
799	-3.19243E-05
798.5	0.000203193
798	0.000380546
797.5	0.000376817
797	0.000228121
796.5	-2.3931E-05
796	0.000290309
795.5	0.000241537
795	0.000337106
794.5	0.00062667
794	0.000643343
793.5	0.000751703
793	0.000763715
792.5	0.001031616
792	0.001059412
791.5	0.001000029
791	0.001335486
790.5	0.001172
790	0.00064799
789.5	0.00072571
789	0.000707954
788.5	0.000122904
788	0.000246398
787.5	0.000488822
787	0.000392085
786.5	0.000269448
786	0.000343853
785.5	0.000113095
785	0.000577608
784.5	0.000402491
784	0.000781602
783.5	0.000146733
783	0.000417434
782.5	0.000654183
782	0.000335783
781.5	0.00075474
781	0.000607453
780.5	0.000801337
780	0.000609139
779.5	0.001198106
779	0.00063189
778.5	0.001220131
778	0.00122372
777.5	0.001491707
777	0.001476006
776.5	0.001682153
776	0.001798542
775.5	0.001866392
775	0.001640626
774.5	0.001894328
774	0.001958818
773.5	0.001669954
773	0.001763566
772.5	0.001772143
772	0.001656247
771.5	0.001652803
771	0.001887407
770.5	0.001858411
770	0.002186713
769.5	0.002251378
769	0.002087909
768.5	0.002345235
768	0.002545747
767.5	0.002696746
767	0.001843709
766.5	0.001921829
766	0.00189807
765.5	0.001491622
765	0.001470276
764.5	0.001516858
764	0.001378067
763.5	0.000959068
763	0.001170536
762.5	0.001187054
762	0.001203093
761.5	0.001606278
761	0.001553791
760.5	0.001820671
760	0.002273048
759.5	0.002880018
759	0.003745424
758.5	0.004399083
758	0.004864727
757.5	0.005154737
757	0.004651699
756.5	0.003783155
756	0.002919229
755.5	0.002847599
755	0.001908645
754.5	0.001655849
754	0.001564738
753.5	0.001537047
753	0.001242128
752.5	0.001122134
752	0.001181135
751.5	0.001246082
751	0.000851083
750.5	0.001137437
750	0.000980603
749.5	0.000993423
749	0.000994962
748.5	0.001001866
748	0.000948031
747.5	0.000491207
747	0.001005695
746.5	0.000831904
746	0.001101989
745.5	0.001075718
745	0.001307049
744.5	0.001264111
744	0.001803964
743.5	0.001339181
743	0.001626892
742.5	0.001876672
742	0.001610223
741.5	0.001573468
741	0.001506219
740.5	0.001589818
740	0.001461802
739.5	0.00135545
739	0.001678906
738.5	0.001658305
738	0.002289738
737.5	0.002848214
737	0.003969469
736.5	0.006450293
736	0.009475634
735.5	0.013050326
735	0.013064145
734.5	0.009958209
734	0.006308871
733.5	0.003797083
733	0.002519676
732.5	0.001747875
732	0.001470403
731.5	0.001129992
731	0.001111368
730.5	0.000843426
730	0.000819616
729.5	0.00081934
729	0.001013651
728.5	0.000815949
728	0.001025821
727.5	0.001080469
727	0.000516319
726.5	0.000917608
726	0.000822098
725.5	0.000751544
725	0.000676802
724.5	0.000650846
724	0.000808086
723.5	0.000650424
723	0.000527876
722.5	0.000679908
722	0.000752021
721.5	0.000857679
721	0.00037585
720.5	0.000516819
720	0.000582653
719.5	0.000548977
719	0.000617708
718.5	0.000689192
718	0.000583981
717.5	0.000178701
717	0.000639895
716.5	0.000615394
716	0.000745341
715.5	0.000820237
715	0.001142744
714.5	0.001307829
714	0.002204841
713.5	0.002903469
713	0.004293873
712.5	0.005291505
712	0.005571954
711.5	0.00518815
711	0.004625922
710.5	0.003726024
710	0.003450878
709.5	0.002973661
709	0.002756522
708.5	0.002712666
708	0.002833696
707.5	0.003042538
707	0.003375917
706.5	0.003377098
706	0.003361467
705.5	0.003039076
705	0.002871317
704.5	0.002588298
704	0.002137399
703.5	0.002075653
703	0.001902698
702.5	0.001968997
702	0.001857035
701.5	0.002069159
701	0.001934769
700.5	0.001719799
700	0.001831075
699.5	0.001901168
699	0.001610364
698.5	0.001876243
698	0.002110354
697.5	0.002008817
697	0.002380976
696.5	0.002647612
696	0.003129332
695.5	0.003586175
695	0.003792284
694.5	0.00425777
694	0.003242799
693.5	0.002890452
693	0.001926562
692.5	0.001340107
692	0.001311486
691.5	0.0007912
691	0.000641221
690.5	0.000749577
690	0.000570544
689.5	0.000594147
689	0.000336961
688.5	0.000445133
688	0.000357665
687.5	0.000359795
687	0.000552338
686.5	0.000427701
686	0.000495331
685.5	0.000651599
685	0.000901648
684.5	0.001026124
684	0.001310314
683.5	0.001563642
683	0.002171368
682.5	0.002709846
682	0.003092846
681.5	0.003708155
681	0.004291271
680.5	0.004660143
680	0.004242063
679.5	0.004140448
679	0.003699901
678.5	0.003139206
678	0.002892246
677.5	0.002903524
677	0.002576106
676.5	0.002333407
676	0.002554593
675.5	0.002360635
675	0.002054642
674.5	0.002241273
674	0.002023855
673.5	0.001796671
673	0.001481818
672.5	0.001374633
672	0.001230621
671.5	0.001453823
671	0.001429456
670.5	0.001300189
670	0.001291619
669.5	0.00161855
669	0.001739076
668.5	0.002072794
668	0.00260716
667.5	0.003446024
667	0.004084309
666.5	0.005305519
666	0.005913119
665.5	0.006427869
665	0.006130747
664.5	0.004995626
664	0.003700533
663.5	0.002800883
663	0.002050763
662.5	0.001715219
662	0.001371235
661.5	0.001231096
661	0.00080373
660.5	0.001038102
660	0.000767338
659.5	0.000597088
659	0.000920295
658.5	0.000862522
658	0.001073624
657.5	0.001135912
657	0.001195157
656.5	0.001495853
656	0.001961816
655.5	0.00269644
655	0.003240098
654.5	0.00369379
654	0.003738001
653.5	0.003049054
653	0.002743984
652.5	0.002163544
652	0.00173271
651.5	0.001442544
651	0.001030304
650.5	0.000999953
650	0.000849522
649.5	0.000982195
649	0.000974556
648.5	0.001177132
648	0.001463717
647.5	0.001639024
647	0.002189112
646.5	0.002932588
646	0.003789132
645.5	0.004052566
645	0.003579502
644.5	0.0032997
644	0.002293414
643.5	0.00185198
643	0.0016571
642.5	0.00185349
642	0.001947744
641.5	0.001981182
641	0.00262463
640.5	0.00362524
640	0.005061496
639.5	0.008025853
639	0.010305326
638.5	0.012734573
638	0.013291945
637.5	0.013155997
637	0.012893468
636.5	0.013972327
636	0.014542941
635.5	0.013054793
635	0.009812245
634.5	0.005923458
634	0.003551721
633.5	0.002396632
633	0.001380949
632.5	0.001162408
632	0.000985087
631.5	0.00070447
631	0.000548001
630.5	0.000652992
630	0.000619262
629.5	0.000651942
629	0.000618085
628.5	0.000505504
628	0.000403347
627.5	0.00038922
627	0.000297106
626.5	0.000332691
626	0.000401283
625.5	0.000371055
625	0.000307678
624.5	0.000297897
624	0.0003018
623.5	0.000622693
623	0.000650431
622.5	0.000615961
622	0.001092644
621.5	0.001352417
621	0.00233875
620.5	0.003694584
620	0.005789107
619.5	0.007927799
619	0.00885923
618.5	0.008872352
618	0.008102259
617.5	0.007174361
617	0.006593968
616.5	0.006318482
616	0.005565107
615.5	0.005170658
615	0.004409975
614.5	0.003690906
614	0.003042158
613.5	0.002705301
613	0.002443527
612.5	0.001852676
612	0.001580326
611.5	0.001722042
611	0.001539874
610.5	0.001616259
610	0.002086208
609.5	0.002554931
609	0.003592126
608.5	0.004373423
608	0.004739728
607.5	0.004660263
607	0.003942257
606.5	0.003377869
606	0.002581582
605.5	0.002515113
605	0.002391361
604.5	0.002467888
604	0.002290123
603.5	0.0019421
603	0.001757291
602.5	0.000960678
602	0.000776014
601.5	0.000574109
601	0.000541817
600.5	0.000485837
600	0.000572064
599.5	0.000525775
599	0.000483416
598.5	0.000643093
598	0.000493487
597.5	0.000939739
597	0.001023766
596.5	0.000796407
596	0.001023324
595.5	0.001306864
595	0.001308349
594.5	0.001594554
594	0.00160282
593.5	0.001899664
593	0.002113518
592.5	0.002193499
592	0.002657892
591.5	0.002746079
591	0.002835942
590.5	0.002969588
590	0.003203078
589.5	0.002708813
589	0.003654153
588.5	0.003912523
588	0.004673962
587.5	0.005604183
587	0.006467295
586.5	0.006969082
586	0.006507308
585.5	0.006444601
585	0.005817912
584.5	0.005299961
584	0.004992026
583.5	0.004907197
583	0.004631429
582.5	0.004495092
582	0.00440905
581.5	0.004034343
581	0.003721134
580.5	0.003172876
580	0.002443621
579.5	0.002113265
579	0.002120417
578.5	0.001720122
578	0.00157637
577.5	0.002242478
577	0.00176258
576.5	0.002343997
576	0.002888383
575.5	0.003074565
575	0.003324444
574.5	0.003492976
574	0.00336997
573.5	0.002847608
573	0.003017858
572.5	0.003301739
572	0.003697677
571.5	0.004643019
571	0.00593206
570.5	0.007025991
570	0.00731025
569.5	0.007003554
569	0.006119967
568.5	0.005457701
568	0.005285763
567.5	0.004997227
567	0.005152396
566.5	0.005093519
566	0.004526258
565.5	0.004340058
565	0.003730304
564.5	0.003791957
564	0.003679155
563.5	0.004016525
563	0.004593498
562.5	0.005425464
562	0.006510364
561.5	0.006995952
561	0.006988187
560.5	0.005276504
560	0.004197135
559.5	0.00307523
559	0.001747947
558.5	0.001267
558	0.001308695
557.5	0.000951691
557	0.000977227
556.5	0.000897985
556	0.001164667
555.5	0.001388805
555	0.002073455
554.5	0.002876271
554	0.003487025
553.5	0.003335407
553	0.002725035
552.5	0.001733463
552	0.001579049
551.5	0.001487277
551	0.00157231
550.5	0.001601316
550	0.001627548
549.5	0.001755414
549	0.001394846
548.5	0.001108686
548	0.001044122
547.5	0.000997734
547	0.001508784
546.5	0.002280327
546	0.003659122
545.5	0.005005543
545	0.004750012
544.5	0.003336052
544	0.002100894
543.5	0.001203599
543	0.001025051
542.5	0.000856704
542	0.00083525
541.5	0.000734272
541	0.000676304
540.5	0.001091349
540	0.00098404
539.5	0.00078102
539	0.000654462
538.5	0.000348808
538	0.000274846
537.5	0.000275476
537	-0.000139536
536.5	0.000180058
536	0.000157642
535.5	0.000212006
535	-0.000130411
534.5	0.00024641
534	-0.000212013
533.5	9.86326E-05
533	6.80046E-05
532.5	-0.000112985
532	8.93195E-05
531.5	-8.5272E-05
531	-6.2089E-05
530.5	0.000180272
530	-3.14445E-05
529.5	0.000232575
529	1.80878E-05
528.5	0.000131687
528	2.40537E-05
527.5	0.000205369
527	4.38828E-05
526.5	7.38668E-05
526	-0.000148193
525.5	7.66677E-05
525	-0.000214128
524.5	0.000221346
524	-0.000259428
523.5	-1.89417E-05
523	0.000118273
522.5	1.69853E-05
522	-7.12327E-05
521.5	1.06024E-05
521	1.45507E-05
520.5	0.000110219
520	-3.36876E-05
519.5	-4.75816E-05
519	0.000176186
518.5	-7.05343E-06
518	2.0072E-05
517.5	0.000169235
517	0.000341519
516.5	7.00052E-05
516	8.07891E-05
515.5	0.00015234
515	8.94739E-05
514.5	0.000183
514	0.000155058
513.5	0.000242723
513	-1.0029E-05
512.5	0.00037881
512	0.000122022
511.5	-9.81017E-05
511	-0.000241877
510.5	7.57169E-05
510	-9.45888E-05
509.5	6.67881E-05
509	-1.01585E-05
508.5	0.000122804
508	0.000263578
507.5	0.000115893
507	0.000258561
506.5	-6.93164E-05
506	0.00017683
505.5	0.000105976
505	-8.23132E-05
504.5	0.000261081
504	0.000119383
503.5	-0.000230478
503	0.000114289
502.5	0.000164068
502	-2.81577E-06
501.5	-3.55273E-05
501	0.000319825
500.5	0.000214304
500	7.78414E-05
499.5	0.000406132
499	0.000465537
498.5	0.000532759
498	0.000528948
497.5	0.000380997
497	0.000451666
496.5	0.000721026
496	0.000753062
495.5	0.000704495
495	0.000938599
494.5	0.00069929
494	0.000797908
493.5	0.001005207
493	0.001028486
492.5	0.001125341
492	0.001455165
491.5	0.001886725
491	0.001791592
490.5	0.002241547
490	0.002577232
489.5	0.002750152
489	0.003541656
488.5	0.003973299
488	0.004704023
487.5	0.005451331
487	0.006765259
486.5	0.008143784
486	0.009735322
485.5	0.012191771
485	0.015174471
484.5	0.018995175
484	0.024590828
483.5	0.03236863
483	0.042208426
482.5	0.056602664
482	0.077748209
481.5	0.107723042
481	0.151290119
480.5	0.221058473
480	0.328213126
479.5	0.499761105
479	0.793171883
478.5	1.301847339
478	2.214662313
477.5	3.919251919
477	7.310236454
476.5	13.87883282
476	25.80692101
475.5	44.7043457
475	66.29432678
474.5	83.76556396
474	93.95265198
473.5	97.15514374
473	97.71350861
472.5	97.8106842
472	97.92525482
471.5	97.99243164
471	97.93202972
470.5	97.88609314
470	97.90527344
469.5	97.92855072
469	97.77175903
468.5	97.28769684
468	96.6022644
467.5	96.1553421
467	96.37206268
466.5	95.71833038
466	89.13758087
465.5	72.80060577
465	49.62089157
464.5	27.78067207
464	13.96717834
463.5	6.788987637
463	3.390949488
462.5	1.79603529
462	1.001633167
461.5	0.58645922
461	0.354763001
460.5	0.22364822
460	0.145559371
459.5	0.09636429
459	0.066294879
458.5	0.046318252
458	0.03284866
457.5	0.024029514
457	0.017837552
456.5	0.013652227
456	0.010114477
455.5	0.007946601
455	0.006094018
454.5	0.004843641
454	0.004012426
453.5	0.0032531
453	0.002701715
452.5	0.002277425
452	0.001746618
451.5	0.001421581
451	0.00138846
450.5	0.000972724
450	0.001024504
449.5	0.000767336
449	0.000654979
448.5	0.000746647
448	0.000602608
447.5	0.000443443
447	0.000621643
446.5	0.000499451
446	0.000425224
445.5	0.000545677
445	0.00030758
444.5	0.000376256
444	0.000153979
443.5	0.000179903
443	0.000136686
442.5	0.00033561
442	0.000111828
441.5	8.48817E-05
441	0.000128979
440.5	0.000156549
440	7.66875E-05
439.5	0.000178157
439	0.000132791
438.5	0.000276465
438	0.000278803
437.5	0.000121769
437	0.000333977
436.5	0.000108218
436	0.00021372
435.5	0.000290362
435	-4.80835E-05
434.5	-1.36159E-05
434	3.89778E-05
433.5	-8.48072E-05
433	-0.000123038
432.5	-4.68845E-05
432	0.000204822
431.5	-0.000296516
431	9.53667E-05
430.5	-4.87731E-05
430	-2.04011E-05
429.5	0.000310052
429	-0.000184058
428.5	0.000122517
428	0.000136772
427.5	0.000103338
427	0.000151594
426.5	0.00023136
426	0.000101018
425.5	-0.000232807
425	0.000215412
424.5	0.000218614
424	-1.89264E-05
423.5	7.37007E-05
423	0.000107521
422.5	-0.000219757
422	1.06626E-05
421.5	0.000104231
421	5.69495E-05
420.5	0.000126424
420	6.72319E-05
419.5	8.98028E-05
419	0.000119838
418.5	-0.0001337
418	0.000173518
417.5	0.000114253
417	-9.74385E-06
416.5	4.68187E-05
416	-4.52623E-05
415.5	-4.77468E-05
415	0.000156754
414.5	-9.4301E-05
414	-4.81117E-05
413.5	0.000211844
413	0.000255961
412.5	0.000357576
412	-3.55724E-05
411.5	5.77494E-05
411	0.000135888
410.5	0.000174143
410	6.01292E-05
409.5	2.26012E-06
409	0.000132078
408.5	0.000166448
408	-4.55049E-05
407.5	0.000121305
407	-3.8598E-05
406.5	-3.6326E-05
406	-3.47852E-05
405.5	3.81954E-06
405	-0.000136089
404.5	0.000165757
404	0.000300576
403.5	-0.000188086
403	-3.28613E-05
402.5	8.45686E-05
402	-0.000112852
401.5	0.0002249
401	0.000116177
400.5	0.000338426
400	2.17277E-05
399.5	1.49237E-05
399	-9.30442E-05
398.5	4.68144E-06
398	7.38571E-06
397.5	8.62792E-05
397	-3.83679E-05
396.5	0.000179593
396	-5.13766E-05
395.5	-0.000193644
395	0.000417744
394.5	-8.46381E-05
394	0.000247616
393.5	7.1534E-05
393	7.77641E-07
392.5	-2.31325E-06
392	0.000212055
391.5	2.13667E-05
391	0.000136561
390.5	0.000208076
390	0.0001144
389.5	0.000107654
389	0.000135348
388.5	0.000113283
388	0.000275371
387.5	0.000203939
387	0.000330736
386.5	0.00018596
386	6.39304E-05
385.5	0.000140774
385	0.000197137
384.5	9.01916E-05
384	4.29509E-05
383.5	0.000212184
383	-1.25244E-05
382.5	0.000158791
382	0.000542307
381.5	0.000331864
381	2.73836E-05
380.5	-0.000119071
380	-7.2222E-06
379.5	-1.9483E-07
379	0.00014908
378.5	-6.67702E-05
378	8.60559E-05
377.5	8.7128E-05
377	-4.86805E-05
376.5	0.000211268
376	0.000108732
375.5	1.04762E-05
375	7.24247E-05
374.5	5.632E-05
374	-5.27582E-05
373.5	2.74158E-05
373	3.84294E-05
372.5	-4.15475E-05
372	0.000159073
371.5	-7.47525E-05
371	0.000137226
370.5	0.000204975
370	0.000129478
369.5	7.05623E-05
369	4.40239E-05
368.5	0.000135829
368	0.000214605
367.5	0.000336442
367	-0.000114091
366.5	-4.47217E-05
366	0.000326944
365.5	3.21792E-05
365	0.000224694
364.5	0.000303522
364	-0.000125153
363.5	0.000234742
363	5.95038E-05
362.5	0.000300927
362	0.00016714
361.5	6.16058E-05
361	0.000251868
360.5	0.000387762
360	0.000209125
359.5	9.85475E-05
359	5.47647E-05
358.5	0.000138278
358	6.30397E-05
357.5	-1.4442E-05
357	9.46097E-05
356.5	0.000320139
356	0.000173712
355.5	0.000252415
355	0.000128011
354.5	-7.77516E-06
354	0.000212042
353.5	8.17444E-05
353	-5.19198E-05
352.5	7.07721E-05
352	0.000111654
351.5	1.57527E-06
351	0.000113854
350.5	0.000193139
350	0.000293514
349.5	0.000279123
349	0.000830629
348.5	0.001443201
348	0.001832353
347.5	0.000837583
347	8.61994E-05
346.5	0.000216647
346	0.000189521
345.5	0.000976101
345	0.001415371
344.5	0.001232583
344	0.000878162
343.5	0.000542287
343	0.000145945
342.5	0.000529683
342	-2.95005E-05
341.5	-6.72556E-05
341	-0.000304499
340.5	-7.55532E-07
340	0.000101919
339.5	0.000235346
339	0.000243366
338.5	0.000193771
338	0.000355869
337.5	6.94953E-05
337	0.000261067
336.5	0.00025364
336	0.000608126
335.5	0.000487569
335	0.000426691
334.5	0.000344018
334	0.000226541
333.5	0.0007009
333	-0.000512882
332.5	0.000218964
332	0.000168333
331.5	0.000125302
331	-5.74693E-05
330.5	0.00026895
330	9.76744E-05
329.5	0.000133531
329	0.000425396
328.5	7.29005E-05
328	0.000269266
327.5	0.000102334
327	-9.61348E-05
326.5	-4.51391E-05
326	0.000263561
325.5	2.92812E-06
325	6.8222E-05
324.5	0.00013049
324	0.000191556
323.5	0.000134107
323	1.65338E-05
322.5	0.000134098
322	5.20419E-05
321.5	-8.39871E-05
321	4.49987E-05
320.5	-2.68398E-05
320	-0.000113728
319.5	1.3226E-05
319	0.000432642
318.5	-0.000201636
318	3.54393E-05
317.5	0.000185323
317	0.000120812
316.5	-7.87582E-05
316	-9.36204E-05
315.5	-8.81182E-05
315	-0.000139572
314.5	-4.83146E-05
314	-4.26706E-05
313.5	-0.00020101
313	0.000402905
312.5	0.000544805
312	-0.000240868
311.5	0.000104689
311	-6.20641E-05
310.5	-5.18333E-05
310	-7.49751E-06
309.5	-5.68588E-05
309	3.23993E-05
308.5	6.78175E-06
308	-8.48784E-05
307.5	-0.000105849
307	-1.31977E-05
306.5	7.74866E-05
306	-5.20277E-05
305.5	4.3817E-05
305	6.4604E-05
304.5	-0.000260578
304	-0.000253823
303.5	-3.62505E-05
303	-7.12571E-05
302.5	0.000122113
302	-2.52412E-05
301.5	-1.69028E-06
301	9.60367E-05
300.5	0.000139091
300	3.38501E-05
299.5	4.2185E-05
299	0.000112616
298.5	-5.6811E-05
298	0.00029723
297.5	0.000163715
297	2.21788E-05
296.5	0.000238959
296	-1.60537E-05
295.5	7.74465E-07
295	0.000167938
294.5	8.05606E-05
294	7.9483E-05
293.5	-7.34434E-05
293	0.000323577
292.5	-9.17102E-05
292	-9.41809E-05
291.5	5.75257E-05
291	0.00031386
290.5	8.16849E-05
290	-0.000110899
289.5	-1.38852E-05
289	-0.000172521
288.5	6.14595E-05
288	4.5016E-05
287.5	2.05955E-05
287	-1.12356E-05
286.5	-7.01297E-06
286	3.33246E-05
285.5	-0.000387184
285	-1.18365E-05
284.5	-7.88954E-05
284	0.000143805
283.5	-0.000250596
283	-7.21782E-05
282.5	-4.12292E-05
282	-0.00021096
281.5	-0.000167046
281	6.87625E-05
280.5	4.89608E-05
280	0.000181137
279.5	-0.000114403
279	1.93765E-05
278.5	9.06237E-05
278	-1.97044E-06
277.5	5.06056E-05
277	0.000227963
276.5	-6.801E-05
276	-0.000165467
275.5	0.000211387
275	-1.7909E-05
274.5	-3.27746E-05
274	7.57248E-05
273.5	7.62653E-05
273	5.21621E-05
272.5	3.14398E-05
272	0.000200695
271.5	4.6168E-05
271	-8.53621E-05
270.5	6.31444E-05
270	-5.30093E-05
269.5	-2.4789E-05
269	-1.814E-05
268.5	7.08423E-05
268	-2.81118E-05
267.5	-5.25307E-05
267	0.000198643
266.5	-0.000149053
266	0.000297867
265.5	0.000137812
265	-8.19011E-05
264.5	-2.0846E-05
264	0.000156724
263.5	-0.000108997
263	-9.37862E-05
262.5	0.000230565
262	-5.88677E-05
261.5	0.000204735
261	-3.00602E-05
260.5	0.000265759
260	-6.77328E-05
259.5	8.58835E-05
259	-4.02392E-06
258.5	-9.02398E-05
258	-0.000130943
257.5	1.13849E-05
257	9.75156E-05
256.5	3.91838E-05
256	0.000186091
255.5	0.000110077
255	-7.06133E-07
254.5	0.000138469
254	-6.12733E-05
253.5	4.26539E-05
253	7.05273E-05
252.5	3.70353E-05
252	4.93489E-05
251.5	-3.81622E-05
251	0.000101811
250.5	-0.000161991
250	-0.000109741
249.5	9.00861E-05
249	0.000123357
248.5	-0.000127942
248	-1.12776E-06
247.5	-2.58412E-05
247	0.00011536
246.5	-3.24807E-06
246	-0.000234553
245.5	4.59861E-05
245	0.000254012
244.5	0.000156515
244	2.20198E-05
243.5	-0.000243457
243	0.000296724
242.5	0.000230235
242	1.38078E-05
241.5	-2.29575E-05
241	7.9847E-05
240.5	-0.000229625
240	-7.04332E-06
239.5	-1.48884E-05
239	-9.98591E-05
238.5	1.09642E-05
238	2.25219E-05
237.5	-4.15824E-05
237	-6.20474E-05
236.5	7.07029E-05
236	6.81412E-05
235.5	2.85644E-07
235	-0.000124772
234.5	-0.000196488
234	0.000174616
233.5	-0.000369283
233	-0.000134003
232.5	-0.000112025
232	0.000259263
231.5	-7.06374E-05
231	-0.000131348
230.5	0.00021682
230	8.17389E-05
229.5	-9.11947E-05
229	0.000139541
228.5	0.000312162
228	-0.000240925
227.5	0.000104323
227	-1.24328E-05
226.5	-8.57396E-05
226	0.000333452
225.5	-2.16652E-05
225	-2.38418E-05
224.5	-0.000227812
224	-6.57361E-05
223.5	-0.000105851
223	0.000175982
222.5	4.8771E-05
222	-0.000105529
221.5	-0.000177232
221	-8.88384E-05
220.5	7.98987E-05
220	4.61879E-05
219.5	0.0001497
219	5.6009E-05
218.5	1.10593E-05
218	0.000114715
217.5	-5.01285E-06
217	0.000145674
216.5	0.000157259
216	8.71082E-05
215.5	4.79406E-05
215	-6.87768E-05
214.5	9.55873E-05
214	7.9309E-05
213.5	-8.75821E-05
213	-7.00928E-05
212.5	-1.93968E-05
212	-0.000122859
211.5	0.000190025
211	6.60931E-05
210.5	4.94011E-06
210	0.000275723
209.5	8.92475E-05
209	0.000100308
208.5	0.000523457
208	-0.000426702
207.5	5.32947E-05
207	-4.67244E-05
206.5	-7.76201E-06
206	-0.000105099
205.5	-3.20181E-05
205	1.49836E-05
204.5	-0.000242192
204	-0.000100122
203.5	0.000175081
203	-0.000274076
202.5	-0.000345156
202	-0.000182233
201.5	-6.44002E-05
201	-6.00974E-05
200.5	0.000245461
200	0.00024301
